%YAML:1.0
---
calibration_time: "Thu 25 May 2017 04:19:28 PM JST"
nframes: 10
image_width: 640
image_height: 480
board_width: 10
board_height: 7
square_size: 2.4000000208616257e-02
aspectRatio: 1.
flags: 2
camera_matrix: !!opencv-matrix
   rows: 3
   cols: 3
   dt: d
   data: [ 7.7762810794169059e+02, 0., 2.6553979491375941e+02, 0.,
       7.7762810794169059e+02, 2.2628957513793222e+02, 0., 0., 1. ]
distortion_coefficients: !!opencv-matrix
   rows: 5
   cols: 1
   dt: d
   data: [ -1.1138209438294296e-01, 8.1880705778859331e-01,
       8.7180725948788707e-04, 7.3540048196133411e-04,
       -3.2442050991455438e+00 ]
avg_reprojection_error: 1.5958427264031211e-01
per_view_reprojection_errors: !!opencv-matrix
   rows: 10
   cols: 1
   dt: f
   data: [ 1.57570988e-01, 1.71621606e-01, 1.67019531e-01,
       1.48342058e-01, 1.68679312e-01, 1.50411382e-01, 2.04255208e-01,
       1.59722239e-01, 1.35266602e-01, 1.17826946e-01 ]
extrinsic_parameters: !!opencv-matrix
   rows: 10
   cols: 6
   dt: d
   data: [ -5.0753727951136224e-02, -5.3118700539162442e-02,
       -1.2717157681579312e-03, -8.2767282034365966e-02,
       -7.2423758879950922e-02, 5.9983208238246088e-01,
       -4.9626064549578561e-02, -6.4739969715193324e-01,
       -9.2993303380834683e-02, -5.9546104876902081e-02,
       -9.4941726629929085e-02, 5.6318838128031112e-01,
       -7.0521805539624716e-01, -5.9935410621547350e-02,
       -2.3207409548019777e-02, -8.0258308710652718e-02,
       -1.1473024378984875e-02, 6.1178539968440038e-01,
       -1.0500265301931551e-01, 5.8253258039911515e-01,
       -5.2535379324555383e-02, -5.1008930276878597e-02,
       -6.8391226337832969e-02, 6.2041215848118347e-01,
       4.9425897253930695e-01, 1.4737742980255081e-01,
       -5.7612157120885604e-02, -7.2853218377454381e-03,
       -7.4057117127683161e-02, 5.5623427025318761e-01,
       4.5534310124146721e-01, -4.4054638583483274e-01,
       4.9754210796862325e-01, -4.1493981453017560e-02,
       -5.8867426165253207e-02, 5.7177886656256571e-01,
       -7.0203491271330365e-01, -3.7077056178964818e-01,
       -5.9091876088865392e-01, -6.8488205715522096e-02,
       -2.0557085168323681e-02, 4.7029964853713635e-01,
       -5.8280444073437043e-01, 2.4502369166019430e-01,
       4.0197991784569798e-01, -1.6576151630262263e-02,
       -6.8591728035441890e-02, 5.9413609791747668e-01,
       4.1574570193231603e-01, 3.9458209794248139e-01,
       -8.3986252742786338e-01, -5.1629532187417899e-02,
       4.5584257375843026e-02, 5.8688601885844893e-01,
       1.8476351993947818e-01, 1.9937797942447719e-01,
       -8.4998969773572422e-02, -5.3463264055686126e-02,
       -9.3789079961590638e-02, 7.6026602768095852e-01 ]
image_points: !!opencv-matrix
   rows: 10
   cols: 70
   dt: "2f"
   data: [ 1.58634628e+02, 1.32556763e+02, 1.89787277e+02,
       1.32934204e+02, 2.20719070e+02, 1.32978134e+02, 2.51572739e+02,
       1.33082458e+02, 2.82426758e+02, 1.33263123e+02, 3.13037903e+02,
       1.33484406e+02, 3.43416138e+02, 1.33681320e+02, 3.73644867e+02,
       1.34211639e+02, 4.03808777e+02, 1.34419891e+02, 4.33831116e+02,
       1.34463852e+02, 1.58606659e+02, 1.63470047e+02, 1.89617096e+02,
       1.63555145e+02, 2.20642517e+02, 1.63587463e+02, 2.51549683e+02,
       1.63661377e+02, 2.82478790e+02, 1.63735992e+02, 3.13297943e+02,
       1.63995865e+02, 3.43719849e+02, 1.64257446e+02, 3.74171478e+02,
       1.64460693e+02, 4.04300964e+02, 1.64541718e+02, 4.34428040e+02,
       1.64628677e+02, 1.58437256e+02, 1.94521210e+02, 1.89503326e+02,
       1.94587845e+02, 2.20619263e+02, 1.94564423e+02, 2.51489929e+02,
       1.94545029e+02, 2.82582367e+02, 1.94568909e+02, 3.13460541e+02,
       1.94620407e+02, 3.43950226e+02, 1.94734879e+02, 3.74435547e+02,
       1.94903381e+02, 4.04622314e+02, 1.95103195e+02, 4.34997162e+02,
       1.95085007e+02, 1.58339600e+02, 2.25565063e+02, 1.89424469e+02,
       2.25592896e+02, 2.20548737e+02, 2.25532333e+02, 2.51575943e+02,
       2.25566650e+02, 2.82742462e+02, 2.25538620e+02, 3.13589966e+02,
       2.25584839e+02, 3.44412109e+02, 2.25579880e+02, 3.74627289e+02,
       2.25599152e+02, 4.05132324e+02, 2.25578659e+02, 4.35331665e+02,
       2.25592010e+02, 1.58266785e+02, 2.56887085e+02, 1.89382050e+02,
       2.56899841e+02, 2.20584412e+02, 2.56809662e+02, 2.51515442e+02,
       2.56740204e+02, 2.82882538e+02, 2.56744049e+02, 3.13684326e+02,
       2.56654541e+02, 3.44495209e+02, 2.56616364e+02, 3.75024536e+02,
       2.56549652e+02, 4.05445129e+02, 2.56447144e+02, 4.35627716e+02,
       2.56387177e+02, 1.57990891e+02, 2.88385498e+02, 1.89406403e+02,
       2.88302795e+02, 2.20576202e+02, 2.88230133e+02, 2.51649673e+02,
       2.88161743e+02, 2.83036072e+02, 2.87916504e+02, 3.13812164e+02,
       2.87717834e+02, 3.44609955e+02, 2.87592987e+02, 3.75365051e+02,
       2.87528015e+02, 4.05682983e+02, 2.87377533e+02, 4.36275177e+02,
       2.87251099e+02, 1.57712357e+02, 3.19896698e+02, 1.89339828e+02,
       3.19608765e+02, 2.20627747e+02, 3.19541870e+02, 2.51830841e+02,
       3.19428070e+02, 2.83167389e+02, 3.19183777e+02, 3.14092010e+02,
       3.18970825e+02, 3.44868439e+02, 3.18666077e+02, 3.75634216e+02,
       3.18572021e+02, 4.06261322e+02, 3.18381989e+02, 4.36604492e+02,
       3.18052643e+02, 1.84075867e+02, 9.54714813e+01, 2.11158752e+02,
       9.66801147e+01, 2.37445343e+02, 9.75007172e+01, 2.62469788e+02,
       9.84769669e+01, 2.86345215e+02, 9.93186340e+01, 3.09214905e+02,
       1.00207893e+02, 3.30804901e+02, 1.00923439e+02, 3.51643280e+02,
       1.01721283e+02, 3.71562958e+02, 1.02534584e+02, 3.90568176e+02,
       1.03249680e+02, 1.86844467e+02, 1.28371796e+02, 2.14277069e+02,
       1.28481705e+02, 2.40515564e+02, 1.28582306e+02, 2.65495911e+02,
       1.28684738e+02, 2.89440796e+02, 1.28844177e+02, 3.12057281e+02,
       1.29113556e+02, 3.33688232e+02, 1.29350357e+02, 3.54462677e+02,
       1.29475998e+02, 3.74363800e+02, 1.29538818e+02, 3.93531433e+02,
       1.29660568e+02, 1.90228241e+02, 1.61141602e+02, 2.17514221e+02,
       1.60503815e+02, 2.43599503e+02, 1.59776672e+02, 2.68712860e+02,
       1.59231415e+02, 2.92528412e+02, 1.58564499e+02, 3.15188232e+02,
       1.58225479e+02, 3.36859131e+02, 1.57617020e+02, 3.57616760e+02,
       1.57221405e+02, 3.77287354e+02, 1.56782532e+02, 3.96558289e+02,
       1.56436874e+02, 1.93501953e+02, 1.94084793e+02, 2.20678467e+02,
       1.92545410e+02, 2.46731445e+02, 1.90956909e+02, 2.71875732e+02,
       1.89611496e+02, 2.95942078e+02, 1.88382324e+02, 3.18215271e+02,
       1.87315674e+02, 3.39746613e+02, 1.86062515e+02, 3.60429047e+02,
       1.85135620e+02, 3.80057556e+02, 1.84048050e+02, 3.99204041e+02,
       1.83131287e+02, 1.96684525e+02, 2.27226395e+02, 2.23902374e+02,
       2.24777039e+02, 2.50060333e+02, 2.22572617e+02, 2.74944153e+02,
       2.20403320e+02, 2.98676849e+02, 2.18442795e+02, 3.21327759e+02,
       2.16534607e+02, 3.42653503e+02, 2.14707672e+02, 3.63408142e+02,
       2.12902054e+02, 3.83027985e+02, 2.11466766e+02, 4.02019684e+02,
       2.09643448e+02, 2.00462952e+02, 2.60135498e+02, 2.27154144e+02,
       2.56953949e+02, 2.53328323e+02, 2.54076065e+02, 2.78137665e+02,
       2.51290253e+02, 3.01747101e+02, 2.48409729e+02, 3.24374695e+02,
       2.45675919e+02, 3.45792999e+02, 2.43432419e+02, 3.66316589e+02,
       2.40843399e+02, 3.85884369e+02, 2.38649033e+02, 4.04908020e+02,
       2.36422989e+02, 2.04011581e+02, 2.93144348e+02, 2.30665497e+02,
       2.89234283e+02, 2.56600006e+02, 2.85454742e+02, 2.81393341e+02,
       2.81778961e+02, 3.04916931e+02, 2.78472015e+02, 3.27438599e+02,
       2.75268372e+02, 3.48730835e+02, 2.71861267e+02, 3.69355255e+02,
       2.68768005e+02, 3.88663177e+02, 2.66002441e+02, 4.07574768e+02,
       2.63275482e+02, 1.63857422e+02, 2.11315887e+02, 1.94404404e+02,
       2.11881088e+02, 2.24646164e+02, 2.11766510e+02, 2.54869400e+02,
       2.11653473e+02, 2.85152130e+02, 2.11652634e+02, 3.15216217e+02,
